963343
412193
519217
134191
765109
435733
424519
996841
478843
407221
770767
596273
194933
619603
616003
175621
441443
231271
370613
927863
428563
297481
149033
187133
336631
228581
707647
682789
590819
159631
420361
157411
840709
234683
705197
145829
202109
997511
678493
804577
935447
747583
150067
748339
556069
118399
810419
405857
407861
658961
622777
780323
307103
380041
637409
648059
289733
905617
649421
480737
631531
395309
628301
243539
681067
682729
552031
465071
131687
145037
704213
569759
158261
870059
234811
436741
559777
262109
256757
196699
507757
109001
561079
299933
564367
572903
148873
841849
722317
330359
861947
876121
744911
703327
436993
225983
206519
532523
658379
753793
287191
979949
279767
550997
825551
734911
908363
753689
602821
621301
590077
120383
992801
319591
830693
856993
292841
273073
901931
255049
256967
867487
777109
490121
631457
193649
332921
758491
764789
940259
719237
234007
187861
904601
920393
489823
315409
964133
480583
991343
518813
694721
417773
318443
622777
101501
622943
565517
460063