353329
842279
375799
996253
795323
228461
238943
130349
445321
883279
120283
483971
255019
732041
575033
510457
785093
138637
865103
802873
331897
540509
789001
530641
368363
187531
871597
872587
753947
560311
756773
273941
615491
678779
401887
905339
636133
984413
991313
495149
238019
709231
345881
527993
580201
369197
422789
999931
978001
297853
309937
257189
542533
232081
332947
985993
167777
793967
665923
392803
728699
186097
285539
652733
244957
587263
683861
616391
390763
202823
930157
455809
632459
453289
263533
352349
292021
652969
182353
278363
922283
692401
584809
962309
893093
789851
581429
917893
446983
470819
853007
964531
526381
527291
954209
722881
281767
487057
402221
587033
835379
391907
768641
565207
239329
174763
418843
601771
873209
693661
824669
998329
454513
894547
833299
431617
564617
979549
601093
640901
648731
444463
420613
877577
717133
203857
821747
706631
505049
616277
588619
109619
658051
637573
770113
816817
958333
828361
286981
821641
355939
781357
258389
485171
352853
306517
453877
502517
991261
139177