915029
147347
109397
605531
307091
785569
599003
679207
203341
693989
594119
464011
857809
459463
704023
893111
277309
773897
664271
774173
434761
357653
522541
482281
928163
512249
764381
961091
352069
355853
572437
805111
918949
333253
381461
827161
481297
365837
267643
527071
304091
724219
795667
906869
741709
183761
955457
682789
550283
698311
641873
116411
230233
681403
534491
212701
797833
239333
273359
456233
516293
655021
821497
203761
656783
317693
876751
859093
264811
402043
447449
995623
218107
429361
924037
904861
282167
784603
579653
258659
955777
914371
602317
806857
487649
442753
578777
853837
897223
381989
303803
563887
996881
462271
867623
931237
405949
180751
825593
325597
225871
346207
491497
213919
618463
579737
191507
354839
825059
747203
345749
980717
435709
287237
372667
343051
674357
200797
970423
608989
802829
822379
429367
444671
863783
160243
612719
179483
970297
647477
143443
320627
288653
936053
970217
636877
802141
352831
536057
846457
467209
589903
693607
806657
930863
397183
595957
465433
720127