301841
117899
865069
279047
817319
115553
319811
504901
179357
629569
752293
260411
737423
467813
390101
662999
853571
353341
632677
133283
584677
979471
905917
628171
146033
325051
456767
251431
581773
722521
314723
970447
627953
837619
876947
216787
551767
230393
391163
635291
145679
145031
160969
223841
547241
878021
488333
256799
730111
839981
151201
198593
632329
811193
619139
991483
126143
620003
359479
817403
807809
557461
417251
369133
394861
169937
638147
139429
778397
930179
745817
910849
721571
746737
228757
265079
596663
434689
486179
224309
320477
408869
779231
328397
882907
158429
354373
130349
480143
545663
554269
646979
949243
875741
939193
724879
718931
324743
252143
743549
865103
309479
219389
943751
936113
240341
308219
162601
658601
143879
615403
800651
276673
125813
383557
783119
167107
974213
861083
491429
601313
642739
663191
755393
670399
197963
214817
203183
711563
669607
156119
688187
743917
747941
441421
809213
620467
257053
172169
666829
819229
586723
958351
616723
104971
704929
116159
473279
676493
901249