277363
346397
416623
625591
739649
370003
329663
859799
758267
109741
915029
668209
156109
616729
671753
515639
668543
695297
594137
723227
837779
749809
520621
149297
221261
342211
204517
372973
844631
642899
751379
868613
267133
492431
237967
786703
829063
653651
239929
369407
372023
456503
970261
577529
338683
487691
381989
647627
495133
113761
278387
350971
776759
143947
669311
602711
221411
190667
815527
748273
106087
111211
907369
575513
473659
689851
563357
885881
361649
208591
145031
540149
108193
884171
573263
261229
914891
390991
613421
600841
608609
173149
107453
997091
441587
121921
602479
767551
604867
525199
243209
888689
586711
815809
676829
605413
786433
336491
426931
113759
949387
184901
243787
294947
753631
275447
585653
672629
147629
789739
873463
981473
849301
210773
670129
313741
527563
847051
132347
111029
639253
221159
298757
923953
205253
583937
497521
636409
466373
279353
827461
173039
856811
338893
146389
393557
456013
735617
592217
128053
747499
961133
624917
144887
944257
813797
885967
434831
892027