441324
471692
179247
650309
351500
310891
439870
881250
106393
226296
668769
238295
519692
249984
365044
989472
284112
377119
140855
301806
122656
720038
987909
517797
447377
477636
394465
301841
158306
140468
868383
849546
896583
944747
652544
585977
302554
349149
582739
120752
726262
623446
246274
117899
973920
738229
826187
431101
977092
597093
817974
865069
766184
469182
102888
674412
949482
256585
126919
279047
930869
588468
249273
768131
398754
366957
841130
756917
366865
916000
403192
206049
759892
420964
331561
506077
959936
499370
327274
787500
586074
348123
817319
187778
136314
519903
684013
707638
838225
109933
440307
328313
449288
306845
282935
234824
552002
442353
439944
453695
692921
690045
863838
624082
972302
546226
115553
523038
992159
508849
355988
947986
171081
806634
456773
459678
609510
319811
504901
247890
408856
711668
437935
107267
398724
157666
425012
458704
965240
383088
180219
399925
611929
879531
295436
941547
283067
607467
886055
374754
127206
783573
335547
356675
406489
241800
206523
938957
608957
791587
955621
477974
198467
457084
871819
591063
272108
608502
179357
678300
356653
241769
376586
684855
740224
629569
679197
752293
478719
711146
981582
861186
943870
555869
907995
790368
386147
982356
218109
213676
153095
260411
662749
664388
292800
576540
130244
558276
388354
564235
129637
446169
637595
926933
593196
639403
171942
642734
570063
169231
953545
905314
737423
167333
198371
563834
895197
719286
534414
521366
311949
488276
967520
838688
115438
424358
794333
932976
123177
338708
260475
419968
467813
718283
699399
259532
575911
405976
264494
870071
584941
104240
946857
390101
494076
876086
935900
212083
662999
532117
282642
342941
674581
817223
985305
612695
339592
313323
251115
376895
965066
853571
578575
942252
197746
221378
956375
706782
445813
353341
183358
478789
230912
764981
632677
439537
549407
133283
848472
873344
164140
134220
385012
740584
788844
196493
771754
808816
789399
623077
613895
795113
779585
689705
268278
532543
160220
227734
302748
236546
192875
520499
753086
142726
131439
699283
995534
584677
979471
409317
886786
905917
178801
175880
418172
741911
215973
502554
834022
717536
430465
852255
445074
785876
638547
721411
628171
972487
539782
411363
233305
929445
841670
292604
931899
285093
322838
590160
527670
213125
789266
562977
199225
797848
150364
488838
840840
154233
307710
308284
448766
574330
164199
686636
703222
832950
146033
242038
238667
320525
325051
182169
846146
851266
873813
456767
929616
285303
433581
443812
412997
251431
691439
191854
969422
460414
866348
371629
739979
581773
106813
588869
752983
518906
910819
381976
684756
242236
877435
510136
998822
722521
577037
840717
745811
259546
130388
770147
682793
794983
231999
368344
372390
314723
161160
264322
385401
459994
919718
546628
387542
500263
622612
885142
585962
141762
578895
171946
289074
745267
903596
568941
770001
583575
764018
906111
950925
703953
970447
123633
374923
607990
281048
345867
349744
331628
275124
194730
992102
639213
320955
175533
363436
900637
915449
908236
815578
491035
983002
883665
778089
841303
627953
916769
187571
406282
837619
394708
403863
638265
391719
981333
826008
876947
752811
701841
216787
333296
551767
145473
940816
101926
590646
922963
527266
756042
650641
582296
816334
418844
552386
172792
145264
561651
212271
116017
904626
300759
242798
813418
737625
466386
230393
317917
763642
555212
448222
939330
829430
490916
999574
726315
182540
526064
147584
863512
955011
720143
648412
391163
185150
177605
412873
676486
541729
635291
354002
174015
521913
109034
423410
819631
935744
307718
310606
526294
579754
910686
755575
432529
651692
500679
647218
145679
673967
971720
133254
547717
128964
403656
708463
871549
441699
928229
544362
806063
325945
979375
109003
290375
703773
695378
373367
605320
780507
418020
955568
847699
535645
890858
249374
649126
623964
172295
494260
858903
863365
145031
326499
362447
160969
220311
812788
545168
678830
491225
428518
853117
589429
761058
954145
791234
996741
940475
168155
973000
928611
205861
546018
404813
933437
347930
863683
817904
448065
760275
815396
272725
701938
939174
848308
122224
532810
404612
379340
708926
223841
936214
343595
551030
547241
475449
799638
935559
665127
192644
144980
692509
747629
878021
562222
348847
816386
772163
295950
312849
811403
542936
672786
301075
307765
488333
959485
253560
442822
308672
596969
348782
846025
694398
755056
747793
762605
710970
192538
917797
386459
460148
142168
328998
844074
256799
259002
992818
801464
730111
839981
936954
925932
816471
163634
151201
327907
326974
246480
970773
389044
455753
186442
587241
507044
887590
715161
743250
198593
632329
466654
903745
286290
938486
946654
387959
623574
370783
898185
332669
634162
966777
977487
181100
327758
611788
428442
875646
549675
811193
619139
712480
891108
649833
620973
619625
410816
811303
138492
515368
530054
700726
647856
592211
991483
610395
126143
163120
205315
285162
891979
563331
918619
805314
255424
620003
840768
573876
420692
794001
924828
246910
197694
509733
808310
724841
261216
359479
238029
106737
694850
737010
732249
595212
635022
532826
275841
528037
164307
703209
306697
745507
270338
120338
439288
587744
546793
115549
188151
579785
650719
817403
784504
241636
341980
567368
545313
320898
706699
212367
366988
368916
543558
755906
525090
964176
774595
262005
975688
139689
862755
270895
947716
450251
933623
820634
862510
504935
456782
440016
733641
236508
209094
316548
506194
215606
240470
939697
145854
348734
677044
691793
361716
807809
812187
642277
514763
214265
351724
524545
871222
538135
407866
498472
622827
557461
977308
417251
155144
941675
530289
883346
892894
981860
494460
369133
186746
394861
498724
227662
771400
316597
920751
928629
803190
948155
712175
200059
197637
143996
802926
748262
335125
646618
568213
564161
825668
439818
712793
407605
345449
458058
504592
423669
353495
169937
312315
523658
303752
506170
271979
545698
875899
223806
587860
793879
101143
638147
486586
407196
897016
526316
468360
392880
770128
455583
139429
781814
665056
730620
268852
108725
887264
778397
516626
658704
387040
247884
975841
930179
484608
637843
765599
858062
430661
576520
693265
627417
191312
939383
210288
839276
828761
929238
467254
470486
540020
808299
332163
831249
745817
183414
620200
422330
379785
995762
278222
484881
977997
759008
920126
197469
915787
311218
420463
516166
153540
239848
535125
143088
911471
829915
361359
795010
755131
111762
826234
846893
179468
381464
616268
665695
133053
179791
910849
721571
537780
673730
898366
985432
113126
698117
683181
585957
660316
587942
130103
571832
153223
582340
899090
233846
562474
343031
789985
292787
746737
797641
238021
128096
613783
650335
558485
309508
908411
228757
715640
242793
334846
625152
303272
871594
654818
537625
442460
970094
844917
616588
362883
240772
865156
750794
262330
713673
265079
724674
779215
596663
750432
727207
462229
106883
361509
180774
868521
936903
430640
939595
832145
919203
203441
350255
619935
813904
471730
723744
291479
492026
795282
744099
373612
302489
203146
553717
461568
345838
886102
120999
687789
780236
136776
960926
692999
485051
434689
935790
647242
177102
166751
133917
991013
350778
691887
693643
582009
615862
749816
196733
967956
850460
428768
486179
126254
645075
224309
215442
320477
494149
624726
752264
712368
790808
962017
302479
924605
933422
820729
928220
547081
860324
427594
206716
449534
569653
389165
408253
988790
656432
617832
267308
781075
802758
718966
765236
568953
209324
646478
551455
812546
330324
607626
155437
408869
920754
641011
776672
176957
911209
317307
677476
311494
352777
429688
224100
224097
913789
965928
955717
515568
373538
910495
578565
779231
815085
749094
542594
755732
601337
328397
920587
968516
741521
432866
210178
658852
224172
197010
414759
501162
260057
297655
289312
560777
500315
602485
127358
662692
573258
233264
514727
632883
457604
348245
232360
604200
605877
692533
882907
105076
810455
827004
690627
550767
121113
120444
158429
734240
182228
242113
821591
600277
172726
354373
674217
489334
894468
163629
147961
275398
362704
108965
653088
166994
837981
714995
232006
422961
334866
401423
105040
723981
961191
679886
463652
666162
200553
307718
242385
252601
702605
351379
183164
122496
512869
814767
394138
709050
589731
835704
411653
890759
663274
307176
701826
556660
366222
241390
783512
375765
606548
615843
724533
161261
277553
187054
341844
187443
443294
970349
412555
574147
145320
335950
323442
247090
895940
130349
968282
480143
782562
500274
570556
129613
197418
431442
346531
453852
435177
900302
502954
773461
620940
687746
650822
834833
370607
597130
673362
612769
402748
357520
545663
291348
554269
167304
646979
949243
367905
796103
764760
710297
848816
192809
145499
726062
726682
652088
875741
993318
648767
327155
504533
902308
136641
127809
522783
326456
939193
431761
571938
581488
932876
755570
110191
832064
300015
897129
376564
595960
166956
712061
198310
551294
724879
839614
395200
767365
657800
677675
351137
593056
409042
497848
916045
215275
643673
377446
123101
657220
231698
430417
608286
953504
804168
133884
273833
140358
168928
977659
963545
511992
911594
419409
968890
218840
587217
242031
831304
718931
655941
324743
939600
120665
252143
250962
827497
909564
743549
218753
684874
151589
237295
625840
624061
995596
813512
484514
501569
374944
374538
595584
465754
250398
429798
359165
310544
865103
343684
256114
512853
398257
625378
325897
829659
317886
119964
664178
779623
213345
397604
725036
663018
732378
211222
237030
316445
109591
396407
314835
476707
359290
431817
101064
942047
931645
830086
725485
313286
976842
513460
224924
660141
191276
607511
495330
857293
885880
800984
633106
123212
298894
568948
426643
877936
533990
172690
609024
254362
257111
946757
425614
131806
226812
263884
752897
164484
792611
887040
623911
233045
629668
789697
309479
867946
684956
531532
564532
219389
870788
561048
525436
324366
415200
632896
114353
877764
708554
426014
277917
845916
773932
970538
969515
158474
819455
607806
188476
849732
401714
710800
616720
133252
795480
778573
628060
514203
875088
688332
739474
262580
536510
203550
879171
381465
125571
943751
647029
177012
167504
865648
936113
778868
488820
688263
657817
976223
276305
420922
161140
187902
525896
656370
240341
127573
472378
308219
162601
196467
483463
841688
791505
747752
767290
894280
750174
242725
403428
881476
327306
620136
545785
605330
524676
582956
899868
658601
585348
589573
980146
854005
966387
532813
372886
231495
584578
143879
962662
147104
827762
262750
478277
621678
655624
678358
461808
238730
314702
512347
232297
615403
869395
473040
575128
800651
975038
479383
276673
849724
937886
991891
920248
499381
795594
239495
693402
786878
928634
125813
932457
795363
445942
446233
509943
319060
504549
661287
673946
270369
965815
408678
884751
383557
865823
927504
928814
567986
113202
280768
621390
783119
772322
841443
357328
735755
175250
282841
937191
662170
226170
461166
159237
879549
132874
167107
348473
443076
974213
917784
847406
248222
228945
912949
605650
973291
611494
101366
762144
591135
637187
783875
195861
161037
414752
721662
524296
861083
708651
674919
353663
727109
498788
974145
717597
393303
491429
347343
432523
258313
438120
104995
551037
997667
661206
720586
126573
488852
290792
273077
408980
663875
691402
305116
891590
211578
984003
601313
888513
182931
283696
886291
288166
260675
204207
642739
892426
137978
932151
877866
403472
912934
138413
679283
603179
830582
505561
468211
346956
872875
776127
797218
249206
948341
345779
750654
793248
296055
994517
134436
829372
928045
371421
823059
924665
512010
381705
370670
604667
718073
379301
233739
663191
225246
141501
755393
997817
204638
328935
509920
162264
514445
699629
505454
305214
500168
525756
110283
538188
801152
613172
670399
278344
851428
284168
276529
132054
197963
211964
835055
751555
139599
613354
134519
252023
186428
358090
980148
443755
789432
892963
314405
720573
747545
578730
413397
910246
383421
226116
259117
379962
671012
266789
440784
537207
214817
984809
466759
580671
769978
773241
437194
758872
304352
230667
138873
575081
803684
932286
301885
561819
531245
105623
385208
439067
175841
939787
536883
826734
624852
229626
310473
240957
141657
203183
290222
933365
476063
309056
181350
289993
686071
480045
329437
900605
351918
656456
615336
498528
331263
162466
331465
248955
429195
905443
584563
152636
414947
753564
711563
451002
792349
330135
174059
473832
669607
993974
947826
156119
476105
410447
211206
547899
703818
899105
945368
357240
687247
840903
385019
688187
169515
834814
171290
186384
765609
729286
804846
964963
203229
396440
863692
794596
477157
430027
500395
520184
175625
743917
386588
747941
231059
660222
901023
914953
991331
140718
655352
886171
361084
551739
487841
640648
799764
441421
199082
940226
809213
346107
126645
985031
883588
620467
522575
880860
604084
568204
991720
787137
143479
257053
322884
951775
258815
907876
648879
168830
437328
361121
699639
349433
640239
678820
354065
828207
989965
329955
137994
386591
807402
479457
834668
812164
517284
609203
773026
468128
902026
172169
264417
449276
862405
883726
449627
911536
114061
666829
920805
209660
587213
710576
327730
682840
927135
221691
508299
896090
421161
804208
432708
215284
966636
675635
819229
705801
598677
185270
422010
644595
178105
280786
202990
596606
967571
669699
439294
711992
525920
989502
877008
273720
895010
673737
724094
420747
185596
830509
449587
616325
202014
113444
806439
430696
686614
436517
754492
608627
284648
677476
980008
707975
178410
467269
995194
605644
786656
859979
465667
269471
354644
503795
429743
127273
963932
973074
291604
550075
586723
493679
693748
958351
317914
616723
553124
288221
506458
735872
104971
319413
704929
299226
238947
949408
118410
116159
439830
860518
451199
622134
358028
851574
309139
473279
618360
688706
887972
803691
678455
917074
625586
997472
392521
351241
701197
568997
368536
966600
166074
736304
743482
621243
125625
474321
676493
922089
615952
689185
212367
549340
168891
137384
200908
522913
633905
970797
516244
956582
844441
778858
903974
980823
847994
553146
336208
565600
321586
183891
361719
896184
615549
702375
910902
666254
365658
893069
725168
988028
323257
994174
257419
331639
959499
957372
561269
656990
664129
799010
778804
901249
399003
832779
677958
854444
794458
566366
573722
903806
520001
915150
396511
821124
423693
885856
538241
394450
763851
894577
865288
287595
345436
940482
613366
766786
727575
395664
687133
833436
956736
856607
771870
910222
926905
260149
396459
353329
421462
329852
678519
702726
289499
337001
428191
235991
744338
439060
574571
175097
459758
381619
298113
605172
836486
308875
919854
858990
618372
251520
295179
676848
341908
573915
905448
517472
297115
588915
887811
728109
644184
444346
138419
905425
903068
265906
588304
231089
513229
749654
521075
842279
702776
601858
891975
409038
864684
774311
822310
385265
920621
684548
460100
637532
819843
375799
236979
762597
617385
818716
844365
917006
271045
908754
603416
295883
607985
571763
772559
966250
418499
507573
844946
459598
228407
864952
149680
417301
141656
850478
996253
136635
720017
161150
615514
795323
661832
677845
954383
782049
240845
514631
649188
888760
475494
319751
728745
995715
241635
228461
870625
747300
770064
285739
598947
643591
303403
614772
885840
477729
919247
462231
921083
413134
641060
294438
849537
291861
618746
245956
390624
341309
946610
706905
422788
202583
478682
933881
720038
160803
551463
509981
426356
224546
629972
232342
777403
674213
889979
474251
216034
461878
962262
950599
916284
238943
611429
700142
982774
408502
249293
560043
872342
959097
872534
200687
322922
980697
401095
136253
206329
429584
991852
130349
139247
278445
449871
238298
462527
641451
275042
169056
226654
446940
412751
207155
416561
445321
612284
484131
693675
600126
680785
776994
493320
188757
701901
416038
883279
922222
578334
863461
870826
133824
251572
676226
332864
103068
834575
818035
466979
613623
667918
724236
222265
160416
356860
735352
656135
124141
109941
841025
743277
120283
909387
760486
736602
240297
272905
240455
713265
856672
483653
341183
656313
802394
283652
437780
470683
170691
305204
721876
432795
218945
559927
305087
483971
353858
310332
546156
838533
669039
539451
161056
255019
650457
537971
340665
732041
240125
865116
978849
991560
368926
529996
496916
430094
691148
820843
714525
263952
643445
120963
156888
575033
242743
316607
170819
510457
575187
468984
853917
638119
990113
866501
174766
785093
833749
900184
481393
781994
212346
963576
334300
936926
508109
520728
812776
409937
310544
947643
476971
658128
948841
205045
299399
371287
997800
109506
767467
417069
788600
138637
449351
865103
983986
265587
899808
937014
463163
645747
504919
340667
889331
824172
272175
548491
932517
333060
118047
935026
248152
196830
309395
647050
379040
802873
782223
690001
232525
718672
628712
181278
903186
331897
167595
275718
540509
414613
180339
632190
977218
935642
153902
886216
210077
359089
232277
119890
364963
611322
408415
539278
294074
935145
692888
852691
292215
125732
574942
681814
622192
503484
370472
323089
836905
789001
521061
518820
559092
661913
112752
226759
587545
426840
308781
379615
530641
233518
876391
140388
122750
861380
830458
392709
494976
368363
441324
259182
261202
385282
782030
632882
591208
947657
678693
489010
823236
772718
652703
647412
520184
568808
355207
577756
215518
449528
250405
915644
668860
170965
555241
522786
450092
401608
618372
816168
750150
123782
817842
587950
351386
315610
450202
821469
909430
675118
140890
214579
528908
720726
724479
144177
359948
339030
389177
289518
115633
504604
201897
113044
548883
437637
887797
570831
246031
282452
716824
929041
109340
757228
551389
957776
449420
107634
670198
753487
933777
216629
187531
734449
599919
151114
923838
268104
871597
510425
844598
872587
838797
527307
901385
753947
560311
719866
756773
260274
311562
754094
534204
727550
140843
176519
729650
459512
273941
198390
650877
178900
970448
657095
264467
245103
325228
210042
654759
273911
125257
477303
184934
206029
104214
334776
672122
521520
353442
614480
658221
146409
841963
111700
163178
132220
101784
497559
157463
367518
209586
110621
590699
612645
601466
780661
950090
615491
942023
476171
523036
536527
430813
920255
678779
820415
246562
971621
443195
842440
322087
367516
352878
290645
401887
452939
251744
615249
788296
742164
830067
757893
169121
617815
558674
980761
854229
633928
656378
562983
905339
116486
782721
736724
633851
277932
547997
369971
120472
577634
534536
151405
988469
634116
670645
515622
452084
737640
724985
105762
569565
446075
995818
605647
897436
399855
761478
332935
105538
636133
231600
892805
274935
412708
539213
280764
854876
358114
653090
931167
274229
830637
700556
157174
495594
819469
730840
151352
570493
907735
409806
781876
967156
559876
996740
184068
313230
669976
523380
870010
195097
645234
161266
636552
586046
698698
408518
102853
743218
558745
938194
557990
788472
752208
359134
529148
863563
984413
264895
207701
551877
412579
227880
536802
211150
425478
902395
313956
570921
702502
441748
255244
956768
692571
405887
338948
374468
715967
665848
684316
379112
783091
140446
903925
969621
991313
495149
934803
540601
153404
208210
738133
819267
450157
790890
223618
682613
314740
186520
334238
952817
895050
883718
826661
177440
540311
795818
705138
165500
193078
694246
449316
822874
901246
651248
525132
191315
107382
190713
737522
993031
352947
251446
801437
751926
356974
566327
238019
723150
709231
345881
515922
249817
128518
527993
580201
668618
782162
185810
243429
940253
527686
634824
900471
785278
128895
330372
987200
847317
369197
354683
422179
483598
215158
394810
972693
549724
424607
648820
422789
127603
126124
820393
615062
573793
965173
296625
262982
790321
252387
859617
480672
285834
278104
279371
316832
735647
892362
466608
360898
673048
488815
865298
999931
503301
640353
855684
298458
621907
386981
978001
594277
297853
651054
245352
636898
580326
940453
312142
867204
556608
600157
480175
395155
422700
663245
858616
369865
305708
885046
880466
309937
236467
664536
402891
349428
381603
614056
257189
542533
458454
621422
649413
830184
986027
746726
300393
943980
232081
382607
972111
841744
645585
170697
494581
640724
959918
170514
820055
411948
258225
685854
377956
311822
578284
163094
940542
951929
979151
829802
556071
378442
714524
125385
979673
332947
247981
743181
554229
454975
119403
472392
290288
706799
623309
788743
679144
155195
934345
201944
832016
181799
197547
836624
300701
985993
192907
274979
574239
457644
471020
265875
167777
713020
842883
668241
609932
207153
107580
537859
932282
830859
981295
282189
280176
659610
136815
926801
381547
695963
211490
782836
793967
755223
298302
599384
893087
777524
676562
816457
288291
793102
408083
346053
153794
584655
692023
545559
206918
893153
220191
218734
418551
895573
779550
627928
424020
875007
155513
665923
629868
571555
670655
720422
704336
102666
534112
146547
516780
705535
528251
148404
767606
103932
429105
956627
294299
679714
392803
892821
912918
543059
818054
741948
466167
710120
466508
643914
138176
728699
427209
407653
276947
186097
110637
830601
435080
591710
998233
302416
804378
216888
632460
780791
780302
662877
885038
191796
966412
949907
202650
767810
623208
509082
285539
592326
544778
559522
353285
702825
698260
679746
329312
596729
861936
885661
555708
253127
866420
273745
742376
143180
179308
808504
854176
107916
981328
549165
882885
324699
639783
637472
851632
260552
392049
971220
639746
930634
220145
814557
929992
965217
119908
717156
255471
509618
878637
397913
588660
490289
982390
593427
876830
154047
556835
544428
175216
696815
851759
850035
877074
365832
512804
783660
844444
602515
894792
703163
694698
281493
454335
890943
603736
806002
652733
968960
973775
325383
775249
937047
890198
309796
370120
623286
244957
297954
431468
938280
768474
243470
802606
831310
821808
647705
106643
318700
967790
939393
315321
119168
478595
996606
429940
503602
323918
201236
155362
242928
760392
262850
583598
369992
586583
318729
196436
587263
968277
296915
389850
683861
531102
432461
162222
616391
785529
337710
170825
997434
970165
498446
209448
374304
823075
208090
390763
542354
985612
277149
138954
242040
807291
680005
530502
247335
119854
715037
202823
724308
371753
660362
755129
450335
983226
434528
140048
569482
258279
541042
796644
603276
900371
883026
594933
764309
762291
361542
759092
531834
302458
930157
725472
653251
844819
236198
213993
198056
349574
479053
455809
606639
379969
737732
242765
514661
576073
475155
780400
973205
593476
283381
745342
520518
384048
508662
638140
632459
175123
270578
907425
832126
542858
517366
335697
453289
758995
362164
482973
402564
823657
212004
971070
451689
869218
667316
156755
948455
638330
350698
604113
614643
537422
496759
517461
693883
818180
218964
238095
411750
198781
263533
399474
423702
330612
447872
307060
900197
360515
525248
453055
436461
354167
652144
844958
379448
132646
421479
928070
521342
974514
352349
494735
692557
600366
292021
750237
141720
844785
699898
152005
559977
762758
951234
877392
364597
112937
464218
495279
588929
154535
115518
884405
638575
452847
708272
966682
235047
213852
217016
695936
854311
840584
323551
124653
893021
932195
445932
768608
352067
338398
486145
999051
998248
331866
723848
469880
761050
828783
749840
705742
652969
463896
518614
712389
577482
216778
824354
299138
474057
110378
281256
182353
278363
740220
484625
590212
439815
922283
277348
680920
236074
416714
998560
692401
794897
387272
675944
401620
604495
176482
416518
754932
643711
214620
835645
503238
162454
738283
584809
565983
334715
512682
474710
875562
435544
695773
962309
298275
893093
789851
144419
685252
328268
788876
892932
604298
430331
422464
499898
644294
306748
525169
237456
581429
915185
911974
917893
660331
597370
879946
846934
285250
270990
710405
156514
929683
409746
174499
739647
993099
614248
614231
330364
689190
212230
356308
664322
149065
755811
935844
851853
752785
295126
335576
466305
610288
979533
746029
570785
523784
996814
953190
928436
312473
964469
511365
446983
656343
681785
428887
345289
505419
381374
518990
341970
433922
677735
369582
392493
242040
674301
401475
703758
551158
245057
581700
681174
707879
543571
618748
429174
705619
660626
506514
487670
470819
147612
136047
777602
283309
285129
897704
265469
776808
853007
272930
471198
568023
357272
741165
528232
166230
414006
253183
352695
348329
520791
964531
749012
189048
816328
526381
234771
880561
500546
379845
464982
278031
754462
201779
659695
914975
607038
803089
373851
229506
422056
446025
608377
961355
527291
641043
746236
458154
954209
202500
629832
132435
204902
842910
696335
921422
876249
995456
267142
407062
722881
387310
281767
849976
981743
327668
801735
655581
248511
335791
487057
833218
496513
402221
587033
810180
173963
388378
394954
377781
921342
646592
418455
406625
364122
710156
921038
340226
182914
827238
415698
810981
193203
723158
769088
174910
248175
378388
181675
351805
278770
445379
955478
602531
308791
909478
599174
276171
736931
523377
297794
685752
524422
618302
482305
711513
835379
647377
451180
881714
639348
104048
975015
879594
797693
391907
435112
512215
989367
864540
627784
715773
388870
470451
286235
979166
425353
502891
257923
964476
278458
559919
867250
913415
631329
944671
740375
938255
890101
159026
439453
249239
840214
947273
768641
571639
649670
741780
204868
850740
399291
427288
252985
353491
333668
745186
548912
226658
973237
425491
565207
614475
998550
175119
697825
747683
239329
951521
174763
612632
782315
221427
323266
690053
607950
178876
247389
106910
920131
218658
418843
866997
758480
237489
540487
970012
875801
789358
193517
657376
957051
534446
112396
164197
383755
601771
429927
325216
694568
488531
437752
873209
479511
927458
333010
267338
919699
312946
914367
717451
344818
442580
750655
970551
430400
270180
673133
693661
171155
110235
434307
705735
300808
825635
669439
650054
456792
441417
824669
337408
798265
201150
933894
986774
902083
646141
741616
187024
142066
815114
873224
814917
485038
791331
418650
925612
359505
829186
259891
839102
360085
288017
458278
998329
671927
767144
245256
910285
352042
589249
694548
529695
307713
547164
454513
611326
808299
176323
814474
290257
365995
315871
915715
894547
833299
440275
548384
595429
896242
232908
750050
888295
923756
345119
162138
564754
548344
301149
236375
407013
164859
423576
391904
359050
591776
484963
431617
305740
754201
699153
807541
132298
916140
522114
588183
397240
667380
788323
519285
370734
338325
564891
391779
364856
560141
385119
919023
564617
180516
292765
942927
655305
473168
831290
107258
120491
761163
404705
588004
899727
378028
559055
674037
179644
481428
746759
559895
299014
492568
138916
358623
672631
202250
876679
934337
247171
519886
787297
802726
404053
680997
405631
979549
365222
601093
516418
660006
305042
185986
630693
599135
986668
356133
398206
471409
981293
965071
640901
223541
329223
419783
648731
199561
640811
218662
444463
689546
157256
850238
193938
673918
179190
247003
805100
420613
692373
587095
692547
998577
465689
106546
132348
893717
164110
604432
877577
980245
160694
457335
982612
135592
493802
839377
932831
338415
860799
463916
717133
102675
199538
460361
360500
596106
682409
875944
759055
247383
696185
148163
466755
288453
322952
840958
621616
164579
985672
203857
418097
425972
237260
967187
102257
821747
149773
706631
505049
710584
886260
985742
388863
211620
368595
277218
301587
644178
341850
964162
170434
342663
531283
157443
993768
145565
710240
154567
637986
529068
798099
686245
478979
944195
489030
616277
194645
111011
541888
588619
816060
981250
643662
534114
755343
944608
323075
109619
658051
996330
224218
101763
178803
691149
251638
767475
477052
897894
848389
974367
637573
588752
173880
276670
763110
607106
501663
378602
617878
115087
260610
955358
297047
471215
651979
474992
153606
327945
220408
368305
829477
476138
909630
244928
770113
476003
976929
145216
816817
375815
817607
316387
582377
686447
434564
180500
344033
342902
907120
958333
313120
594784
686856
162598
661441
268314
178733
188408
337566
323682
215213
828361
880689
503308
237189
107973
822241
146174
181266
237806
288118
698354
825282
192932
991287
310895
805722
884207
368841
658486
841421
164931
893759
952053
764360
938560
308083
734661
774203
489219
356789
286981
769542
128249
630537
878448
212106
437375
745199
518286
189466
697355
626289
497961
890751
656950
254565
239882
189326
821641
912234
853390
603001
934553
565355
443313
176659
650980
125434
355939
139648
264288
340780
581164
988450
910251
770002
705392
110595
650604
417776
152337
312239
382425
141370
828078
409298
486392
833905
993839
171941
781357
969867
854946
813763
364632
543094
201616
787329
960814
762495
461985
970648
914717
498571
798254
963633
643189
220869
911160
562534
897928
272481
136364
836832
453250
885646
608232
988887
456961
142831
732629
153902
100404
146306
100415
972138
759147
816325
230895
811484
106678
565516
681119
723359
630861
319790
917598
905598
554312
258389
894033
620145
454036
265176
294136
758835
589935
596506
446308
681401
639469
586883
485171
713542
470610
499951
352853
582882
212198
502938
973318
283476
367282
933902
529624
525398
306517
942221
453877
165903
786364
316805
905229
499800
834782
502517
940048
991261
258149
518072
121035
526711
847622
809034
120667
885802
893572
139177
464343
421373
241933
915029
206629
147347
357466
644079
717813
904588
109397
187172
148540
429256
214307
673384
359371
221163
435704
582437
626157
481738
605531
684484
307091
232667
167878
748939
393296
619023
124395
467722
845264
811739
567698
318647
664095
385323
785569
146887
824011
572795
282878
396520
283857
450006
221769
800505
599003
147232
316758
269494
705764
335858
330324
855223
679207
896330
127936
942570
314791
976835
939196
925978
820860
922551
365804
188377
955090
448382
570227
350871
203341
424118
453925
159840
294572
693989
333814
826068
279756
626208
899173
865914
594119
464011
485947
868834
284458
898682
873646
272948
934424
302302
332870
100560
497617
397423
857809
761280
321697
774609
634894
459463
200660
533773
159098
535729
466844
605985
285372
449463
428085
704023
893111
525823
706217
740553
592497
144600
454363
877197
895261
682398
762229
335805
941659
130697
514437
352518
513200
685259
709347
815299
652191
251776
523228
259515
277309
333007
146940
644380
973996
686594
953071
905232
211541
773897
426204
319865
219064
904451
741048
489609
904634
356359
453027
911877
707381
891928
432190
367160
480294
833625
879746
605062
184858
344813
600225
209613
556851
594525
645340
281633
952338
781365
341915
664271
759130
325177
350764
774173
292324
220070
895955
993987
966769
786117
489394
475424
921397
490005
803349
329651
153171
339642
233342
735490
615088
578975
567724
928978
530019
492504
107111
279873
975579
969221
795260
359321
602190
383560
521097
837437
127451
652404
769029
750391
434761
597214
657760
130213
519029
883725
357653
763996
478395
522541
531553
482281
578026
991426
540861
673860
770691
928163
973317
846674
512249
458087
456254
677860
366091
101263
329648
778482
419402
435050
958156
930116
783429
208482
547169
532640
298152
814500
573349
254216
695810
664653
264802
956349
845169
873519
466335
354314
764381
741015
138670
124954
547560
961091
804721
138575
208809
653654
394745
850724
708190
246821
352913
117495
338278
713289
514835
594296
728746
153003
352069
543367
639070
505383
995286
379757
355853
491930
587541
813720
880817
829011
798801
177321
316840
925985
702043
732498
297564
742322
421192
659737
539380
425219
769384
653611
627187
323589
572437
314289
343206
405113
249347
805111
918949
679049
411733
364610
619087
808334
498148
509034
333253
381461
588373
258094
872063
665371
518752
368073
869261
402478
330591
843431
666096
983905
458914
836217
692918
448051
973987
566159
870495
819717
680419
891678
460659
827161
756678
942915
140186
618851
612089
441226
946854
458486
481297
685545
895766
475687
761409
695820
676940
133062
931546
685818
600426
218396
146368
595164
365837
944245
267643
861112
427516
763804
527071
800474
784256
517294
844068
644533
215395
554427
832032
357497
584856
887993
870233
714761
196794
724137
631800
464853
488390
358189
458909
987707
177354
555516
304091
359254
718961
258727
970501
266775
778648
186312
809310
603039
288778
935516
465873
379217
655685
319149
130823
721763
852209
592777
377242
974931
615314
630298
591214
724219
780281
693000
274300
807638
260114
939481
654277
139194
140849
586093
178656
986315
200532
920355
119965
921955
716685
108054
280776
654381
111457
443886
671641
241635
539282
677037
410425
909205
482069
283175
334128
881565
449596
795667
786583
632316
669739
906869
528915
622450
357200
970557
470713
386146
735371
700544
741709
316134
183761
730280
152694
151214
975658
950746
440343
624514
996886
463685
125434
955457
109257
682789
318195
871482
239604
834929
312651
521578
288027
652513
166725
811012
668718
489084
414296
688096
989527
550283
646877
896506
525674
672398
370299
489125
686555
833527
698311
115895
825578
826517
834871
987090
293859
874600
587283
646556
887680
624458
693948
641873
148041
596102
116411
474333
565722
251507
731128
868356
412912
508401
561273
718903
398586
611990
388870
382795
444462
206529
619894
319242
357866
598150
963816
185142
890767
436887
893869
244057
153019
742500
932889
202802
629859
230233
681403
863524
791474
970802
663896
986220
217936
233865
842994
734296
532683
117254
821162
664982
168343
317723
686414
758444
677411
978142
137142
676818
507456
435176
697371
921346
438365
534491
212701
383608
163464
172627
722828
680175
511010
133229
625464
221330
931951
676548
549978
627877
408397
419681
198023
797833
779848
168591
843426
618535
112533
332064
143128
628292
937869
502768
145245
342943
644640
433142
487886
404101
460503
239333
387274
359893
791426
355364
175051
304703
475436
421738
242631
429153
841752
804579
695640
835554
994681
940930
985424
273359
583709
456233
177803
580599
516293
766860
408059
579628
336490
376206
631178
342173
455208
294287
293864
475779
410696
353265
557427
260485
270765
652972
936876
655021
981320
654274
182751
230801
343825
426534
613775
449869
326383
154577
782122
821497
625884
745586
373923
241962
942831
626452
936718
594310
737127
341755
732855
834097
529389
613776
572283
581933
823660
797944
831894
863918
813617
895460
203761
622502
904881
261452
413588
656783
340338
801703
232213
809586
590748
681211
205968
968756
651562
419175
317693
896800
469546
585659
165155
714670
161251
597789
641370
626426
876751
841011
145266
859093
593696
997280
134671
751168
761082
174171
982770
345199
979328
673173
408618
330339
958540
120076
546532
837508
639893
503867
468411
290830
491818
695872
558326
229508
592642
447313
167054
148072
972667
564083
657206
675363
495248
656542
827420
964535
347397
630959
952720
891674
502911
828595
937118
255996
482735
649472
130032
460534
422265
217110
121791
636494
914550
141314
533528
764112
714185
470177
175445
711144
982722
353571
997747
885933
257251
130466
810492
267316
264811
786521
448454
841465
213582
579921
690795
402043
179172
660539
286263
914994
146578
296972
447449
957617
749997
613569
753798
336288
196022
888345
262890
139761
995623
695472
251853
676491
962905
415419
327437
388533
503419
779062
481735
901314
218107
281481
919422
329370
784713
476877
429361
189224
397957
924037
175970
365453
820842
337516
623038
945062
768250
342087
672590
843620
296198
162626
818941
665900
726894
680322
827426
904861
634547
895924
416811
282167
507486
869788
784603
842223
325406
608313
537544
722547
917802
359362
211329
941884
937522
455870
478785
200447
747738
721185
622096
391558
989732
934330
857888
641654
716649
393264
924279
925643
164750
302196
836741
262078
719854
668258
151025
778339
894784
140050
585146
970957
544918
579653
258659
955777
164126
914123
367986
935128
262864
744728
720476
749203
876064
556897
494337
968241
130614
949525
323075
575582
982698
215165
895244
168985
148496
957716
697900
131910
504841
669858
784751
812286
914371
685146
671624
248946
151541
976215
208630
841401
959325
908997
930107
953590
255593
473041
510107
120151
778302
596149
768060
127518
977628
916610
753412
200944
507716
921086
310850
316980
570573
602317
293359
936107
744656
228243
125416
984815
506676
937321
544914
297017
912369
676928
840868
151112
619675
265377
411498
806857
446292
360766
438624
226847
637839
940462
604025
606603
994115
372743
145483
951931
120675
126625
324446
487649
140313
262795
230443
442753
292943
470631
879102
927178
775715
940628
348897
276276
789161
578777
522603
582426
185393
894801
256107
871287
676783
967351
148025
517915
863066
565708
420192
149476
505906
605460
462767
159887
865735
683573
853837
716945
462922
199875
270657
891838
897223
379461
447672
608667
313621
382668
381989
721573
170718
788295
457654
620487
836685
303803
449322
276317
187187
789672
369470
253075
823654
355043
995947
164495
791373
316632
563887
198896
981981
668972
455707
669945
964465
279235
876907
596453
312962
880309
835189
936193
933006
559875
200447
781303
738685
106141
504196
325991
302069
334078
128290
828579
243016
135318
748504
655315
320414
501339
345484
411989
975954
292555
614434
996881
638770
529683
483232
202483
389888
104609
462271
176752
867623
741903
879608
436504
170528
950047
243033
518485
518235
601092
554541
931237
129916
405949
713890
934522
431209
178518
268398
356488
588015
516154
147627
818846
851344
444943
419108
790339
982736
627238
365710
871797
204554
877381
931760
785707
320892
465853
162554
865918
227114
372108
996286
180751
686557
871925
291227
173274
654953
298111
321363
601034
132641
633721
750467
700445
104518
516059
567675
124816
629739
183788
771646
437777
449435
558811
825593
325597
332197
841225
602491
159581
733002
309908
578645
225871
617650
674434
421689
346207
124820
241231
441149
210368
293973
913202
473838
903484
884083
439645
295952
700488
491497
672709
438819
334079
376478
789927
539978
867057
776476
685821
914619
559943
794086
145636
928600
990185
346606
596576
214460
950983
645334
915320
482493
830814
512330
989009
663454
699492
188075
192927
242547
796812
371700
185886
940948
833643
953021
957057
576562
120191
409250
249091
830919
709106
208076
213919
875723
896228
618463
877259
367485
123569
737959
930083
508575
698598
593750
746927
865203
114531
715907
995951
874391
152159
964936
557047
192474
788195
709581
908216
455661
516200
805136
136556
945685
779931
860151
202498
549532
579737
721420
535579
191507
279745
166835
479984
143828
713457
724610
196962
990793
401817
274344
322337
844940
503970
434609
354839
207705
825059
547611
350242
780320
916872
302769
146335
695548
313134
315478
821691
192460
672886
281990
998333
747203
960969
652562
225815
575751
906498
947152
635642
113217
508476
183374
840362
265322
969854
993940
876450
322313
621618
469448
878354
743373
345749
785580
847333
806401
908582
307657
940809
776863
457636
845695
858847
849367
265983
172017
271715
980717
712946
870459
339468
399157
435709
999699
572505
476201
602226
734002
287237
368532
427038
597904
489461
189158
969800
203032
509738
864278
717312
372667
247823
427754
681684
936821
619209
547149
986450
731005
276311
559653
983638
343051
816219
674357
777942
990584
698290
646378
578147
214574
690263
774174
105755
125030
857064
956241
575400
303808
455915
900541
159371
685993
906478
469788
942565
745924
869525
848693
514401
279425
164322
200797
309139
731822
817492
130263
259891
586015
965377
765424
479324
119207
682993
713209
830829
605771
440029
871453
738400
892256
607635
970423
569465
917383
599826
450080
974300
841125
388962
658402
950642
759195
139502
679053
990019
264045
109720
983375
891155
660069
944458
595264
819392
728006
608989
319736
872379
802829
512003
502994
894020
159363
204630
179352
542496
447128
584422
926263
756957
289599
738775
822379
821353
913760
412378
972043
344806
193518
420704
767469
922100
240033
440452
565648
853527
519757
142198
879212
386441
261025
700981
429367
609581
851914
404673
493330
978405
575547
144459
730275
134666
552312
986832
507122
377005
210822
798849
494201
444671
863783
469719
473194
887958
842328
911100
161504
160243
385419
737541
607877
500894
349806
874666
265100
741215
511544
442165
482134
547535
610089
592352
642948
331815
120581
684186
310540
386601
864621
725618
500754
919640
194677
410532
785838
809691
876316
516842
674538
670167
655125
757480
512134
705366
583165
605667
106534
590885
757451
686772
986152
983572
458390
673841
639969
525060
826184
390573
704306
186262
862834
522836
202009
117872
148594
354452
563693
615587
867570
708565
448968
789946
218033
979856
777925
812754
215281
879974
700188
413496
837424
890537
696122
612719
778804
139724
271220
246635
301962
332806
571448
282829
119823
580730
213876
496376
601946
503247
228312
896019
254295
875819
179483
469621
237807
520672
965802
553143
521639
723655
377198
783526
776504
188980
655890
493740
381130
689194
309364
106902
790188
537957
282084
653443
372651
970297
400762
647477
154577
547351
462130
344116
143443
656596
771424
136123
821745
402887
249856
603601
340317
438116
345724
320627
885657
288653
625608
608475
781086
727748
913995
461633
491109
582194
544197
873072
558943
263705
914233
267495
276141
781474
878257
684505
999006
936053
590804
710078
278205
830594
970217
205861
575502
786489
757160
926838
140984
636877
387864
432949
521774
650103
774484
126272
802141
290432
654745
404630
639126
494339
770004
848292
437658
821749
711584
365872
352831
173580
735613
731347
307795
499261
683768
476658
536057
994443
703677
386281
846457
632114
485924
677797
221439
205325
582711
300956
518930
119487
467209
196823
600382
130830
589903
411614
661289
765127
598772
850000
611512
816684
917279
227178
897583
693607
908009
872996
909357
642541
864375
148053
651442
290955
647652
325002
225442
474229
103822
602884
290735
810106
668214
335276
321690
339497
597426
807310
621341
166742
339591
292383
751788
481746
527590
870842
408696
230201
640984
342288
346468
993419
872185
793605
453495
503834
796768
222750
180848
478661
139743
354487
107576
434542
113616
761030
561554
504041
771903
679668
667093
806386
302404
820986
355785
997456
769090
976629
255044
675238
806657
671996
717087
123921
348333
736443
930863
592754
397183
444489
692465
381695
468721
489744
636934
848142
339334
916675
107460
677412
520306
843287
386660
511500
443735
811274
880966
966429
502267
576359
190602
264411
507352
832815
298286
491902
542102
614235
908788
174890
992372
597817
645334
517833
666201
595957
866705
445146
808418
681655
756585
615634
533188
872818
727055
894263
700150
864724
681033
465433
916956
923055
889229
990308
783961
333134
128620
440819
161852
894900
861283
539562
211250
720127
826300
472356
969613
490053
470348
152360
965397
640103
228498
550014
660269
610734
716361
357918
816245
662078
962147
213930
150167
622548
177880
411574
633395
380598
371280
671468
881299
567593
814338
841435
919168
277363
564858
244347
256334
658935
119017
891467
778303
869474
378000
346397
467442
711789
115324
742957
677390
416623
737996
653730
490861
506308
789765
400642
743615
682764
790679
605923
299486
369861
623413
935065
608000
202412
957015
751728
586013
299421
836309
140128
116369
705408
625591
772425
926866
447671
843042
751386
739649
674676
683798
936412
952535
996990
329511
501950
212077
594960
749057
882740
380427
603763
161905
145327
217958
117636
344958
852511
594853
887665
393135
370003
374943
795445
740375
874564
329663
859799
752156
446536
799889
671560
891360
137121
111455
503184
939290
443513
678039
669350
569158
621676
602469
421978
355389
869967
422538
683930
409286
152741
861146
146820
630568
748474
945096
698925
305089
972774
204902
396878
985242
254804
684418
800150
462879
838742
899764
178734
684718
960775
194578
361819
880670
282052
760994
162118
870273
758267
771223
798549
501064
370625
741110
771988
845205
335832
702949
989311
673158
558262
420636
137424
922960
442569
865089
127521
832562
303352
708451
265779
172246
109741
990536
866451
350433
958105
297482
340431
662764
779319
165847
194590
755574
371590
946771
147693
182798
983011
947229
230405
915029
732963
728075
975973
225597
231966
658007
682990
707274
284257
591917
138409
410738
668209
156109
616729
877779
605791
560772
868911
671753
672668
845759
464726
174313
867912
393351
452589
269195
539714
544860
211783
561833
342808
210940
418480
997766
654972
121851
399422
707402
377497
421833
689880
163308
931485
935726
286637
701340
210141
100318
216994
864750
460123
778132
920445
692485
351450
114394
515639
426886
373085
388308
722105
537170
476260
568086
537338
825905
919528
634976
555794
873995
921921
668543
531495
162685
192354
899498
185814
695297
875993
401114
947116
682710
976905
236745
796085
335413
154310
200114
405262
103823
591989
370088
992526
532182
274655
635028
262487
510313
666680
919640
744671
173169
593480
625206
887765
592240
477717
510369
692179
526031
146831
748216
631569
439060
818470
368517
697449
831918
336030
434786
138818
499740
167350
641842
333169
441932
784809
920121
642385
594137
859357
294318
428698
993232
380915
404815
830718
723227
705223
535981
837779
604100
871098
546754
844143
905925
101730
795288
909489
521080
309710
308312
948429
650513
763841
626759
599146
895435
550229
109885
607132
749809
445720
189371
855137
357873
331916
366368
654843
593312
679452
958376
132780
543814
970504
878644
520621
151534
149297
872993
416696
927154
484432
221261
206731
661070
342211
669496
525904
957657
594228
795950
509669
255970
892303
369872
747537
470737
168790
205108
869757
970719
221189
613930
656397
343558
947303
558461
492576
476504
433059
525398
586108
442950
628964
204517
153283
199897
532858
372973
808278
375298
915997
160371
366731
839851
205548
662924
283648
418750
652880
888475
183145
564447
140757
550435
752181
469356
406025
107324
712833
568002
881326
294215
704046
743110
793313
426802
254634
492717
844631
747394
235278
431179
686129
575909
787628
705495
948235
497563
233746
835373
362615
784064
642899
715730
380874
876774
572463
990530
725176
365643
751379
346855
422378
412172
819022
335289
640038
653285
514791
706132
942799
480692
416450
198923
889191
848056
392501
663542
484441
508486
637997
437614
485166
132847
112102
385659
429073
847557
868613
199825
983913
788274
921927
412847
644039
433184
424899
787307
283798
406606
551033
375420
267133
574777
160262
448375
396916
303708
565882
917900
401184
752866
365317
492431
158762
753423
293742
380802
237967
672603
176931
343553
936607
626206
718640
784692
251985
997780
177334
652324
846551
679583
122197
575762
930843
750044
621201
597574
786703
745604
116001
705298
574895
335720
941242
829063
553990
557004
829201
924395
992726
615989
908466
468171
807489
390139
846744
163710
961316
418550
464924
385084
181541
699636
190976
653651
787857
994950
536691
704505
616771
974435
761332
815522
806765
155526
706118
194221
113682
169542
788692
154187
283977
738495
330900
713452
361385
753542
756962
717207
745925
266466
992948
705130
239929
392478
986342
589128
786261
978293
428214
369407
245648
372023
778739
470983
686014
978121
867580
375474
707135
269003
988486
740797
997271
201856
365697
289867
898338
118553
378099
987217
862717
464829
511852
969125
426672
345940
921619
890712
810117
646156
119207
655986
220702
564160
663604
798616
156436
744837
456503
174369
824954
111538
296121
717496
400540
950155
793697
339092
943474
812852
970261
762296
362260
564188
174898
353555
121536
443895
608889
341966
907689
854660
441238
421909
341257
570171
887025
878442
240886
341295
267314
103734
982340
577529
741635
820581
928628
860233
878553
965064
410390
756076
567853
165676
822418
529610
238680
770252
702616
839004
795966
870908
703209
818634
581938
344208
597465
828640
917256
209892
338683
137617
539567
436499
738725
970558
897623
487691
253330
855073
367004
223676
929030
341196
722322
214423
381989
801901
477018
647627
781036
501433
924816
495133
544712
872327
953708
177750
479093
255129
113761
566144
726538
990663
278387
874683
597095
605062
518172
967330
984686
366405
863973
939543
587544
729492
687852
853327
179847
160047
198092
466162
577703
350971
631145
425557
924481
320866
832870
776759
629440
524888
873926
769637
633812
696321
143947
472456
743911
257849
150500
990866
112435
584751
338782
669442
724551
492461
334621
257945
944700
284773
430913
669311
781100
499849
929951
676514
605695
869787
162648
900900
267698
508794
780672
977714
516191
448778
250970
871199
143134
285720
358401
912428
989300
565275
175650
988195
855117
404318
602711
567168
221411
842656
408587
538193
884163
229909
951473
908000
419857
408498
190667
352215
365980
423985
237537
716846
499118
446749
153230
931649
892858
677240
430684
432213
942788
447851
308210
601686
785868
177353
391609
511883
306307
256320
246522
776821
150708
318898
492034
988659
948316
976382
442529
126925
865182
670013
789317
720576
375261
140536
241618
991910
779217
133418
387278
753952
469926
775545
587838
208925
378907
132785
173566
166886
768894
683187
439701
957442
394654
161896
907937
815527
142113
345172
387665
451363
642545
815680
763514
129926
967733
576206
836570
590036
748273
743995
272213
190148
168470
881441
106087
111211
252564
244825
896804
389560
308960
981902
103455
276873
728476
500430
531512
387264
884916
793571
708938
514565
968190
617356
586194
941454
589302
276529
899747
953613
119710
196127
500795
881496
907369
680985
462830
300923
886105
309286
895067
537880
768667
156340
429542
185774
951189
262060
689402
458894
151922
605604
575513
797982
813611
760239
751062
338886
312416
303740
699894
154984
780537
664810
447908
541209
433529
644720
434125
839579
675241
472440
389371
949648
533883
534270
637197
861735
903274
999478
877708
880966
725803
652199
801739
401583
139695
861994
895467
607618
249411
449237
611619
896346
779850
148606
476846
473659
775983
675418
412923
474832
771240
552609
945308
860494
322833
471968
934670
435789
689851
703985
145844
545972
317880
384246
966586
498288
832443
154646
595425
561152
182065
569624
680970
918264
726095
805795
643682
235587
251410
340855
487809
101724
599998
226708
777454
486607
900288
138968
613904
237870
721817
915109
505563
943617
563357
551225
485690
158452
300898
610834
885881
721684
343536
795513
486152
701010
959753
940358
800460
108885
639432
347916
888610
635928
935202
529310
801739
857609
486267
390881
907313
522321
213970
816572
379728
584080
158835
435549
469645
935264
636392
873986
422200
994601
715509
406984
658427
770384
665637
361649
728115
816802
921003
741754
861965
166328
775035
927921
773785
726897
658887
513198
517640
673846
665057
940041
981765
771764
554760
963378
858692
717402
625137
467112
811196
598763
957048
764480
223338
689806
636608
618291
258345
208591
996004
876206
883392
379537
355523
564010
801726
204637
798212
276134
742732
298437
198560
556068
774917
855075
414890
966958
145031
981184
209211
376999
925851
955214
702920
912986
582698
560154
540149
434575
338487
825548
174930
600519
849400
239068
490797
779912
532200
773374
221446
869615
507659
280569
327070
342181
148479
444118
721058
634178
280439
304894
349346
778040
511317
714478
108193
846724
151789
338612
747508
528934
663231
890903
434859
285250
750055
884171
613896
213090
573263
942954
756471
631042
144813
479475
320466
291454
446235
635283
718428
182650
923678
167064
507746
990237
722206
865996
184143
178990
668517
144102
335188
306854
800393
359269
261229
103014
612094
565695
511248
820151
914891
809944
118064
397368
415724
823244
573984
131377
779762
137421
157779
580537
869129
590128
203092
415618
433260
942216
722438
341711
285889
607799
927646
731128
390991
956007
552229
817956
116134
155619
797864
679923
810144
645290
481687
613421
766745
436704
992670
896385
444203
234915
416886
600841
897795
825265
515517
601281
743452
770310
404734
608609
208818
673365
830511
575952
249718
311524
731206
907842
337652
476273
554648
198262
371271
611695
508889
626359
199809
908152
185692
222444
685161
233797
930238
189761
191210
208897
434049
831263
735164
324471
631434
846921
535091
633688
880973
567193
962313
752161
351118
173149
650684
585170
304102
198862
637575
619448
674733
501568
603210
861693
893800
849799
990197
107453
345711
578528
213084
794647
973513
358866
209761
983152
761083
371539
125630
753038
111666
997091
441587
535920
651663
121921
602479
942868
552701
897652
471575
584714
660994
664466
624145
973642
357054
297529
274325
945280
173232
796900
843268
767551
814009
790664
271416
598218
494821
207059
484762
937211
785983
258338
234503
809155
180366
306755
798968
164483
982416
246559
727384
889857
480293
418148
839004
441364
749672
248272
618376
548763
159138
473734
531780
854554
893265
604867
641460
525199
276705
828867
871933
533786
978621
270203
597520
243209
754764
277340
130068
492197
648507
642811
607919
530004
938957
369493
179072
592196
507904
424834
131120
382875
599183
398704
630526
276661
538227
766174
557493
108722
899358
241339
930757
888689
491147
118517
493674
129704
799273
744359
899278
586711
596702
643432
806195
927334
151592
803896
315995
645177
554405
265876
943007
672816
518754
668942
483165
879373
845734
741166
247618
569175
711370
643363
374736
169193
126592
279706
849386
626308
887591
815809
994737
476184
551761
235140
922629
448439
370116
213998
190672
806365
744517
891864
341023
735148
676829
416895
421480
420166
995331
550838
904100
134842
910553
759235
974231
839325
690062
605413
870637
273110
779149
801063
935774
448695
351476
950294
550226
523397
786433
336491
135545
258040
834713
567759
209034
113618
694738
750907
429952
627592
386975
595879
803001
436506
690359
809358
665173
629695
758228
976569
869922
116418
453262
278351
942399
286115
152013
366831
426931
741350
853917
217110
393208
113759
492048
105297
285675
588657
475475
588541
933317
364310
635537
431402
769018
434712
236071
442037
463887
175635
321288
935913
275065
322387
258397
595656
473312
352978
909126
141939
851408
814383
952314
880142
863920
555832
517127
522065
851292
884619
899889
949387
676774
128956
181250
714583
184901
148316
606141
903410
552812
951996
882969
640403
956136
359093
243787
841915
294947
895227
230282
174372
181109
698025
345692
628575
733320
824246
502924
950330
308872
804918
753631
705561
888324
916975
832302
275447
835422
614738
300158
524333
196629
774112
368634
141240
105307
222328
705447
288444
844598
708966
849517
174724
585653
771628
334951
687185
735336
363178
112891
651014
785050
392953
777540
493818
672629
147629
729560
622225
787206
789739
869314
873463
760121
729042
257191
953722
747750
485537
996848
248975
696486
991788
482878
206877
166193
202875
962344
913154
699088
703660
500997
853365
201537
413016
841962
981473
512644
920994
302163
918228
425630
216798
849301
757907
916685
461729
860373
371293
812113
210773
874133
382345
771200
694834
670129
867723
283143
457966
473628
313741
116224
657530
639193
990126
876108
984026
520976
671469
535375
517246
321956
216238
458079
981525
413240
935878
499223
427547
230921
744000
550889
414067
375297
527563
401104
796224
154708
788940
589328
696647
320100
585956
847051
934700
706990
239192
157783
178211
669744
628740
216598
395727
132347
840198
292474
762301
111029
700662
448528
483340
120051
388704
421302
532925
556662
626077
334505
985182
566897
786643
516736
325146
242022
120215
985326
939035
959897
639253
221159
176380
298757
186126
484278
740263
498687
691961
706473
733562
194642
923953
508569
798946
441488
205253
605860
777653
315863
192265
482325
583937
295101
780546
670113
285962
600174
838477
834976
182005
497521
566252
278910
746376
366958
186802
328259
374428
114804
824920
829915
254814
582854
125868
569539
332189
572648
721626
430291
542179
180045
718201
490961
823559
452410
736366
965914
636409
302604
466373
293397
208924
941665
282398
715438
880147
997435
947254
349703
279353
854498
351525
903192
663456
561133
698834
739889
827461
680243
758149
889742
428757
207825
173039
786282
979577
522687
713300
314170
495992
103817
493368
218534
234090
324706
283011
593826
566706
926312
958788
887038
748989
380486
600160
856811
245304
338893
888863
795463
559755
422543
772085
748285
994880
435055
958525
582589
729210
988546
388797
482750
230931
799278
886350
160142
129471
944277
239664
706710
480954
331564
729558
502018
210036
665600
986271
145804
439897
807081
391690
890004
725750
305812
109442
588666
256245
143038
230401
962607
112277
146389
129796
424897
515170
586364
305830
555731
393557
555051
301561
376229
278348
183628
294294
456013
735617
957251
616437
287657
101850
118875
939535
592217
711022
108270
108674
445764
960970
128053
997127
364904
219477
468256
267828
826778
502329
842733
747499
524547
350020
360873
439766
761394
730092
664385
523608
864305
525295
596042
268786
549571
472422
671895
617113
961133
375648
413659
139607
367129
883320
785420
367785
624917
216746
864651
675002
793549
214770
352038
905422
353693
107303
828470
144887
772602
745518
725395
931983
264878
330260
346973
488128
620554
235778
649756
896933
244744
858672
711814
193719
337698
841336
944257
492657
145012
813797
215749
144711
301357
885967
505356
212056
425311
397087
972037
600234
384197
649735
691915
406832
580120
660139
623145
706155
434831
869402
729390
469840
384663
525020
434341
761973
416394
859204
886813
722036
524118
291967
403138
950911
593172
216777
892027
759500
907203
523947
773272
440452
423921
628853
300429
422619
757301
405580
962085
216197
527914
118690
881680
452343
812202
828355
864273
460782
918726
953356
963343
766008
186423
237807
819852
412193
373692
265681
407961
995036
710902
519217
334131
823221
268276
151261
430990
134191
340629
765109
207166
745875
487562
161179
555854
797135
711465
843426
217992
576405
926398
797391
992174
356088
247186
312027
647159
543273
268213
312486
435733
497378
565204
483087
164779
624264
728487
799056
131278
377290
781729
337676
244649
746676
721822
424519
942150
179102
996841
216741
757563
876466
624694
138405
372310
519363
628696
352183
107063
948155
197809
795788
832536
429135
334225
706578
161628
693987
801583
478843
419738
518379
856311
546076
626418
787893
970179
877926
294395
375581
134290
843332
490727
599483
455928
167182
270160
802851
450187
177590
812428
407221
145537
302749
230401
770767
774128
181710
577381
917128
865014
572540
936045
820623
251110
711898
319377
282931
771696
758133
963953
781455
772543
291214
778084
979550
493330
596273
184844
439368
551074
205195
182413
438835
933106
891686
109643
831694
629092
181255
165692
989847
569526
496803
472030
688975
929866
275168
181007
238633
637041
391570
880440
297726
618758
100758
607053
564018
194933
507770
410356
619603
365906
903678
406646
699420
143886
237944
835302
802048
616003
419126
489930
175621
666496
758413
104137
740586
789746
726643
853917
105250
323799
354092
820285
441443
744167
278197
517895
856129
722570
299966
231271
792058
642478
246426
871362
359982
352445
679052
370613
705788
589721
449205
508836
927863
356021
842509
111464
801476
912154
174804
655592
894978
259308
393002
146770
541303
428563
297481
808415
926416
719927
672201
615732
942210
978303
448001
759902
565650
542865
326875
519627
397809
642098
538280
368596
799648
980880
566672
875816
632626
779335
602727
180537
825650
846882
149033
152800
980947
521111
923787
637080
649108
272682
185436
230022
317094
866459
495293
187133
822054
874220
964247
999699
155696
165213
689625
608113
933008
167139
702244
171489
336631
864894
603752
779217
619134
264490
685500
627136
797798
840816
820032
861119
509751
177277
527650
882576
441756
436707
852835
437609
615700
380204
318735
534612
630449
573415
710057
976922
777534
996400
398128
256744
142715
950939
857015
587535
246686
459591
414472
897913
141193
913456
564378
933321
799816
109489
524822
228581
349972
644184
343528
220767
846539
747874
504032
469178
686831
693687
105181
307810
929874
834493
603087
670554
413896
329896
703787
884337
756212
717820
249761
428174
515225
294046
428826
311956
123280
128781
136668
276081
484491
728912
995977
296793
766007
735687
471758
930553
985031
640406
308313
707647
347577
824392
494368
660618
195181
615678
124248
324306
593637
469098
740987
653758
937155
257361
241063
400416
234086
544264
480199
120443
111399
143812
551382
753299
441467
919132
275103
512536
682789
271055
151927
149076
910748
257285
268803
479603
590819
159631
420361
584675
428242
416526
722941
520346
550205
531438
975150
257225
469824
158755
995312
727924
157411
473472
576023
549591
274813
162516
661598
781881
465994
175957
761848
126402
988004
291243
643078
466848
314768
804892
198035
840709
971244
193033
842445
692744
234683
705197
154912
130414
184166
253411
903429
600153
403645
282069
987985
546205
145829
578889
518565
202109
503224
518096
810323
475193
352968
865841
187636
458454
672514
106917
997511
658452
944872
916384
720985
778746
778987
678493
245676
323323
472852
347467
553025
549293
605076
222604
477370
804577
384985
313922
930021
711897
540009
525056
229301
230169
935447
222562
595095
446410
969720
901264
113183
498411
473041
849898
747583
497558
380944
673503
925035
703175
414198
325570
948655
768790
553541
354862
315495
707741
567118
148616
150067
748339
203358
459504
475388
222130
974196
208815
627082
501365
734950
984820
974941
556069
959042
581063
763105
811906
985821
227283
667340
848413
843733
438383
514624
274991
118399
812834
568986
423460
932858
238393
810419
595835
651886
176350
405857
794181
538432
569453
857286
308852
382498
140506
215252
955353
703159
180487
773092
131669
487633
515550
564083
815217
939502
467380
765771
169921
472584
525798
407861
731060
598752
294993
283598
947475
785004
645971
658961
622777
619344
464522
780323
172922
231712
606598
878631
183839
771490
175323
689681
307103
594618
123145
380041
145127
180051
725484
950317
308399
151973
213432
514566
302522
210646
349890
205296
348834
350810
325059
696985
326700
270347
204066
227927
710678
563572
637409
915795
301687
895943
145131
903083
543881
492158
818373
648059
278571
624768
806075
454655
169323
207109
652893
847878
386062
939566
807835
660079
448812
314996
297493
846940
428532
874129
203214
418636
785379
453739
440506
817258
121055
849850
470876
499293
595135
851841
289733
358236
137780
459351
572266
882932
890668
905617
388686
897413
898687
805735
713996
253998
343212
789720
632484
100135
483043
427396
326651
649421
588610
410654
342036
788998
740620
987667
324476
764018
989484
123556
620331
941946
480737
360473
347421
744651
524033
544210
968169
260316
550790
851651
327066
735379
847751
563307
459310
240737
222878
600710
202754
198185
549672
631531
414943
882435
573353
669991
650397
239175
940910
157473
687490
400582
797195
857443
331189
703055
477082
584733
421481
367856
667110
307717
364615
832875
368804
395309
628301
769400
985125
863947
558642
158873
499545
136437
432229
862655
194765
234090
543170
533763
632490
387015
530788
993184
243539
681067
555040
682729
415956
501576
789626
696136
152893
719887
422386
716024
657058
602789
603743
662823
479575
255794
556955
713902
265469
407066
850565
231348
436262
649194
841762
256806
229062
966877
468904
213343
582215
168535
934776
651663
495038
549888
339785
889456
585401
454670
552031
560573
123029
953548
275157
179384
782067
465071
857933
705229
976598
120030
476733
424518
123962
862419
131687
105955
675965
417230
504241
458854
603135
640389
137984
119385
390300
354688
188031
684522
843412
215348
145037
337320
136869
866404
843363
983428
438075
246551
836862
830695
704213
356104
788895
808815
930691
659300
577206
702498
254234
487182
215146
569759
547521
963693
158261
703670
304358
965520
554265
583817
685049
569019
322398
863558
259705
631498
248016
836548
562678
894416
144544
453022
481342
870059
111471
313278
176111
525776
275065
697670
356459
704962
203550
335601
330489
119896
681845
971066
103788
778394
522970
544762
968488
161759
937507
234811
854316
411863
701900
217390
343757
239117
378620
744204
146881
673393
436741
352054
614109
559777
823207
907313
262109
256757
196699
322688
520167
944957
919060
721945
642770
778076
583617
371492
277705
364667
521265
948762
450615
507757
109001
343511
895577
670816
882651
748681
345698
561079
278181
622836
839187
644690
721110
306128
525211
863401
153249
412559
822342
299933
674439
808816
866747
748805
562396
564367
572903
753225
878793
843492
581399
387968
654813
481104
749947
211184
400107
893148
337136
603147
401425
297055
485811
779107
501053
777008
284009
916920
809622
155776
235417
728979
820662
441675
650969
438580
821374
154496
494295
653127
844739
566985
766791
150115
964696
148873
257084
555469
957972
449197
456219
466625
519583
509881
256432
815804
276073
309618
311705
877973
203177
841849
206728
722317
330359
218420
995057
256987
163449
213625
313359
961962
652084
250612
235358
255494
738802
638073
639298
461151
843071
202959
546358
603829
409877
425014
788636
705812
179276
674951
416128
917258
228132
559776
356376
511250
931847
752948
264105
456657
861947
162900
676632
693722
686882
134290
254268
151814
284884
580526
478512
327518
300024
224036
876121
720122
541784
328594
324877
226354
882702
671440
763884
316329
881898
812314
744911
181098
746232
531593
551108
832748
476850
477983
115514
703327
946899
339781
355714
565627
594543
436993
225983
476152
302394
837640
637866
122569
203696
206519
495905
344170
182698
622806
865081
396767
532523
439512
569532
844917
658379
644874
605107
821980
305420
806881
329409
887465
806490
303046
932300
753793
838942
229545
324432
613946
949717
764898
901294
917509
676518
253660
879706
278834
263866
394641
305945
115538
287191
391988
908472
416516
284763
921056
253952
666384
395101
992739
819238
368566
975282
164365
499966
814963
781588
218335
420825
472320
139193
593075
389394
221043
773853
979949
206170
271447
279767
550997
825551
847541
973083
383454
465539
971589
894024
820172
131788
832247
522644
923940
145773
337832
952362
779176
511179
875943
208978
734911
673526
815995
639497
908363
647630
653874
477799
690843
703261
183127
704600
844073
719450
753689
256870
589315
221699
632378
602821
388258
792829
917564
754908
613218
104542
372722
517777
479447
336073
750309
354886
306831
322016
621301
495044
539193
154623
455327
308274
590077
385104
800460
809675
787017
339346
576388
572571
765149
851294
274776
826877
120383
599618
759607
458772
851160
154559
658616
508449
180776
773594
485700
760972
305213
259524
451790
494625
322795
969508
352151
156497
569245
681987
918836
215606
992801
489806
867365
658373
314789
555640
687366
710463
538133
961340
114181
813378
837245
787554
698699
319591
750164
240688
830693
916657
690032
851263
430478
400861
285164
391816
939342
755508
651215
141431
652364
856993
119216
432618
232787
941542
164204
683643
228788
680445
368206
292841
273073
953313
481592
992439
576941
907987
667664
558608
248710
620288
702206
901931
701560
309195
943924
459932
359817
366421
424797
191254
861894
933258
409449
359334
351330
325498
278664
336044
100819
401056
235962
669165
429044
934048
579920
572133
985093
869407
920506
159101
189241
255049
682716
412500
651034
832071
723082
147379
187034
673264
323527
456423
680005
104115
431473
660168
473538
705748
765952
491296
695434
557490
945114
653592
134905
384898
671056
877954
176120
395881
314188
919959
611410
637757
464672
131178
659127
682720
592214
773794
292802
983358
809510
769012
226449
211096
408502
611061
193990
372590
920736
957506
747775
831674
484900
974050
326880
670940
469665
373581
736904
456435
575606
240541
965383
537209
557505
524026
256967
948162
375751
931602
319381
481814
381395
667315
867487
378029
683953
227804
785257
437764
932148
324479
562038
964413
757635
388875
650542
468908
762481
864371
618315
340109
225773
172103
840870
607766
230199
992980
260381
777109
937783
550540
490121
386283
825430
352216
502017
363908
785074
393905
350230
447668
961279
685943
608378
237618
651364
322622
631457
180166
621528
730497
670856
193649
484421
944427
841860
717092
495857
332921
839830
717874
422568
965473
758491
599271
200316
764789
571118
292119
786476
212964
488784
632917
587016
575630
858094
450915
980000
112165
507806
293888
469440
408419
160769
848822
737750
848716
940259
606034
851149
274747
369078
231450
512649
660009
413193
887558
710746
276931
299330
373156
167513
368011
216865
662328
442755
562792
719237
636455
315105
605747
792706
134050
391104
704911
163354
113247
702123
134043
951617
459287
916230
513122
916969
849076
234007
255017
837492
451333
816734
600499
618458
709063
551270
424457
353909
700148
794108
340673
377177
881063
325602
599038
473722
542934
246434
932290
998447
533105
780658
590822
854498
958974
714665
850895
983463
539737
290481
522370
491680
187861
179062
493407
298657
414009
904601
728913
507199
920393
998982
472356
427512
381802
608632
841343
718950
817404
779816
420431
647097
276322
276271
550501
951348
621287
676400
839872
527156
441970
906682
305893
392331
557124
892423
115608
890615
707919
626072
559282
490476
548537
408683
149708
969556
379560
371413
864237
122315
742677
285600
351871
503149
599895
373875
489823
664378
502100
256249
415962
388719
540926
634218
118875
315409
520784
298086
660902
139420
204646
170137
589670
528279
312882
515828
757652
502697
458165
742452
608276
313709
346351
812053
607267
242308
842051
190038
972754
493816
688144
779087
765145
292452
788139
843927
157879
400392
804101
964133
748516
638968
142858
195788
883239
915277
381705
398371
304611
433069
480583
180798
186955
179707
731289
783426
991343
677658
407390
514436
878514
300230
334583
841343
998869
556349
628885
127386
451134
518813
558818
836102
820264
566329
199023
880732
705192
684853
694721
417773
161044
148842
595398
568085
231653
568895
658252
706408
878945
331163
861378
325488
426100
354145
318443
622777
307581
101501
851529
256277
596107
593160
843733
669972
561989
389627
275720
991978
622943
178926
687494
189098
515656
661861
681378
751654
577445
901229
192522
835461
549366
269216
677564
592389
380038
901204
413878
570700
425411
661525
670753
174360
553186
856825
519186
428362
420442
614376
373560
565517
730082
292443
218725
786610
624765
523683
489470
460063
677949
278700
880688
914940
328076
755883
738482
182607
978786
442503
